poachval<- 25000

## defaults: 
varcost<- 100
fixcost<- 600

nspecies1<- 1000
species1rev<- 2000
rsp1<- .1
psucc1<- .04

nspecies2<- 2 * nspecies1
species2rev<- species1rev*.5
rsp2<- .1
psucc2<- .04

ammomoney<- 5
carrybackmoney<- 0

nsims<- 250
numgrid<- 10
nstep<- 300
