poachval<- 30000

## defaults: 
varcost<- 200
fixcost<- 200

nspecies1<- 7000
species1rev<- 1100
rsp1<- .09
psucc1<- .09

nspecies2<- 14000
species2rev<- species1rev/2
rsp2<- .09
psucc2<- .09

ammomoney<- 5
carrybackmoney<- 0

nsims<- 500
numgrid<- 10
nstep<- 300
